789374
785650
1016586
44435
20406
387784
868749
653534
1041518
867074
791944
983911
132824
653534
823272
355322
469434
576022
1042550
1045131
994994
861357
946446
64842
840964
240919
333140
682290
751785
751932
767346
789529
848068
864748
883088
972932
973173
132398
162622
750458
765169
952409
942642
497769
441155
737128
514550
968171
873811
443589
975620
962088
596704
292077
1078502
950890
153920
891356
59631
770165
101123
264299
622780
550414
716215
789905
847930
891338
936126
954272
971561
975435
364574
829646
84023
972816
994104
1079921
519054
875806
1052199
378803
1070820
267767
799569
721804
569888
989512
841634
34634
87903
12663
10348
15320
31419
1090677
288486
417492
868749
844415
1106912
1093626
73576
787129
362989
606998
853867
84014
74606
41568
79989
890174
160493
151114
61590
209103
34203
50481
58787
83560
188877
261911
115011
186911
785890
224293
749993
847323
878344
943876
972887
848259
716441
940597
891417
1098586
1006601
329442
993507
996256
968147
974872
1022358
1014593
1001360
751779
751866
1079647
891333
848976
891632
554801
769917
894415
1061769
458456
811685
1009907
1011011
1037567
682290
716211
716215
767346
786498
795432
805762
823272
847323
847957
848003
891334
891417
932657
933984
971561
994104
814673
990035
743239
1009732
920344
874895
593445
1286155
740862
595796
50177
1019290
729808
789544
1031435
534116
288081
987304
898791
828228
558694
147210
901085
848309
836286
784999
98020
228955
371315
580214
651399
562299
551397
980599
989246
600882
509064
123839
584333
19320
1045524
227126
484689
1118948
1110961
913022
808334
313906
336802
301703
552002
891596
6252
1078566
118768
39428
564329
844048
905119
720558
634949
561693
1057350
522857
917915
737852
185250
727908
582089
470977
585856
137973
441271
608723
932901
716390
806235
490101
685499
292644
759281
180138
48572
40368
53574
60136
103372
148003
244799
965125
813683
16223
21457
29538
35116
40923
363882
352271
539221
593445
166981
1785
14853
716630
404910
800102
476691
735497
184498
1112435
1112375
643961
729808
8965
867737
772288
606278
22350
667713
403612
1015289
1270122
348381
96103
914865
